-0.000176556819831135157266785440377532268
-0.000263972550781096525381042017244226372
-0.000111757044837560904249236515273224768
 0.000426023048498829501676277153876526427
 0.001128314250574482440273027528121474461
 0.001407876010150861017036771904997749516
 0.000703671382251770715157701552300295589
-0.000926402143619233691199110758418555633
-0.002542538489330517948588950005728293036
-0.00280948735790190022576506834184328909 
-0.001050794003069841549974361427643998468
 0.001938630957576893860949684977867946145
 0.004157820857565277042344753510860755341
 0.003791717476558201758984889551129526808
 0.000744082465162243219050641762635223131
-0.003015504428362766713156428721731572296
-0.00479166297952032804730038151319604367 
-0.003259067278846790316482184834967483766
 0.000405899233945476202445323821166311973
 0.003407263058899406404228527023292372178
 0.003583820069485042433821142537908599479
 0.001144821708057971489103099571593702422
-0.001622922047242018406612573677705313457
-0.002418727492727291115970356116804396152
-0.000910491445837436339828807607688077042
 0.001142928896257097703959004775242647156
 0.001682412312097685902836929905390661588
 0.000318134769297119686902453050691974568
-0.001400783943737659263673034359953817329
-0.001632094051835588722002001738076160109
-0.00013778703735828221272133320418618041 
 0.0014786961970087698046982804811477763  
 0.001445440531767068839674728053523722338
-0.000287526785085132237634181207042161077
-0.001900954531346868252306148150410081143
-0.001529342687677914553595615032577370584
 0.000751261190596695790575032525282495044
 0.002831679963415737952270312405289587332
 0.002576459221564215019278920593137627293
-0.000020294451754031554886748001109708639
-0.002721701621574080815629814722456103482
-0.003171039453223199917897279220824202639
-0.00116953621769899022801719734587777566 
 0.00119111332636456248267042834498852244 
 0.001700781456368585234026347130509293493
 0.000294772852820220966369585413602294466
-0.00095122269683623568090058419954857527 
-0.000140352519095659415519772306168988507
 0.002219810297809101610339022059292801714
 0.003510270178736060904534088678019543295
 0.001680203629412236427873028610235905944
-0.002383826605149133841948794199083749845
-0.005358170618462213506683067265612407937
-0.004561188110075510213081706467619369505
-0.000603121453015460079472020993307523895
 0.003126120919794086842891100985752927954
 0.003726440995389975006230054432876386272
 0.001549354548409397503566653497841798526
-0.000388764464090962050951683082189447305
 0.00022979090241716487296591564515324535 
 0.002402996536465963790807354172329723951
 0.002798545015338251874814634589938577847
-0.000517643352238387902466976164816969685
-0.005504117153794355933593696050820653909
-0.007651496874564690450770676477532106219
-0.00435201573410478638470610945887528942 
 0.002234140525053053029369554138838793733
 0.006916218926088035269528209170175614418
 0.006309025203333657426385538968816035776
 0.001970979876298178425086948806210784824
-0.001398146339712696192142393769586306007
-0.000923013473809535206320020517267721516
 0.001469087845198483247011189689601451391
 0.001293708706775924211981876332799856755
-0.003235036472437963911419345208742015529
-0.008536441472156467216714226253770902986
-0.008770016526345982693646519123831239995
-0.001904546029144264058727276101024017407
 0.007489884723610009190086778119166410761
 0.011997742176680922104869964073259325232
 0.008285644031075074800174462552604381926
 0.000287969614338207590895080123516436288
-0.004762165956145749008687761971714280662
-0.003593456944073756750834824913454212947
 0.000015723622250229897165385573032381217
-0.000300800122614476453733467486983954586
-0.006001817789966896153630582233517998247
-0.011167138884384118086012804837992007378
-0.008235064126983316495911324750522908289
 0.003528904380557963856024361604113437352
 0.015783516102551919252361400936024438124
 0.018210361410930235581684399903679150157
 0.008437444764229331400917644145920348819
-0.005263763206793183567488991769778294838
-0.011763088649884814035351254801753384527
-0.007877990514845809727484393647500837687
-0.001132592463786213834303628900102012267
-0.001229684447963507419598894188084159396
-0.008813959930331152076155021291015145835
-0.013659248915052581152540511766346753575
-0.005239307714280923809757606335324453539
 0.014571649807670838949746894286363385618
 0.030427365488919354274965911599792889319
 0.026925070683042000296847362506014178507
 0.004200908357158294852140567599008136312
-0.020382481174586589145469872619287343696
-0.027745574505689367394989375270597520284
-0.015446343772537896033014703789376653731
-0.000073508128964331308219382066226899042
 0.000291570582989284128594409395418551867
-0.013189943926785997752038070984781370498
-0.01845494880925150488204522503110638354 
 0.005068544436702265842953352148470003158
 0.050085632390357834320404606387455714867
 0.079021136363902053090235710897104581818
 0.053717838146185969971924123456119559705
-0.025921244690300611346334136442237650044
-0.110707962332060816379453171975910663605
-0.134450111713143027891703695786418393254
-0.067438935297405758206856773995241383091
 0.053480259220936333941498475041953497566
 0.146925690075630360764691317854158114642
 0.146925690075630360764691317854158114642
 0.053480259220936333941498475041953497566
-0.067438935297405758206856773995241383091
-0.134450111713143027891703695786418393254
-0.110707962332060816379453171975910663605
-0.025921244690300611346334136442237650044
 0.053717838146185969971924123456119559705
 0.079021136363902053090235710897104581818
 0.050085632390357834320404606387455714867
 0.005068544436702265842953352148470003158
-0.01845494880925150488204522503110638354 
-0.013189943926785997752038070984781370498
 0.000291570582989284128594409395418551867
-0.000073508128964331308219382066226899042
-0.015446343772537896033014703789376653731
-0.027745574505689367394989375270597520284
-0.020382481174586589145469872619287343696
 0.004200908357158294852140567599008136312
 0.026925070683042000296847362506014178507
 0.030427365488919354274965911599792889319
 0.014571649807670838949746894286363385618
-0.005239307714280923809757606335324453539
-0.013659248915052581152540511766346753575
-0.008813959930331152076155021291015145835
-0.001229684447963507419598894188084159396
-0.001132592463786213834303628900102012267
-0.007877990514845809727484393647500837687
-0.011763088649884814035351254801753384527
-0.005263763206793183567488991769778294838
 0.008437444764229331400917644145920348819
 0.018210361410930235581684399903679150157
 0.015783516102551919252361400936024438124
 0.003528904380557963856024361604113437352
-0.008235064126983316495911324750522908289
-0.011167138884384118086012804837992007378
-0.006001817789966896153630582233517998247
-0.000300800122614476453733467486983954586
 0.000015723622250229897165385573032381217
-0.003593456944073756750834824913454212947
-0.004762165956145749008687761971714280662
 0.000287969614338207590895080123516436288
 0.008285644031075074800174462552604381926
 0.011997742176680922104869964073259325232
 0.007489884723610009190086778119166410761
-0.001904546029144264058727276101024017407
-0.008770016526345982693646519123831239995
-0.008536441472156467216714226253770902986
-0.003235036472437963911419345208742015529
 0.001293708706775924211981876332799856755
 0.001469087845198483247011189689601451391
-0.000923013473809535206320020517267721516
-0.001398146339712696192142393769586306007
 0.001970979876298178425086948806210784824
 0.006309025203333657426385538968816035776
 0.006916218926088035269528209170175614418
 0.002234140525053053029369554138838793733
-0.00435201573410478638470610945887528942 
-0.007651496874564690450770676477532106219
-0.005504117153794355933593696050820653909
-0.000517643352238387902466976164816969685
 0.002798545015338251874814634589938577847
 0.002402996536465963790807354172329723951
 0.00022979090241716487296591564515324535 
-0.000388764464090962050951683082189447305
 0.001549354548409397503566653497841798526
 0.003726440995389975006230054432876386272
 0.003126120919794086842891100985752927954
-0.000603121453015460079472020993307523895
-0.004561188110075510213081706467619369505
-0.005358170618462213506683067265612407937
-0.002383826605149133841948794199083749845
 0.001680203629412236427873028610235905944
 0.003510270178736060904534088678019543295
 0.002219810297809101610339022059292801714
-0.000140352519095659415519772306168988507
-0.00095122269683623568090058419954857527 
 0.000294772852820220966369585413602294466
 0.001700781456368585234026347130509293493
 0.00119111332636456248267042834498852244 
-0.00116953621769899022801719734587777566 
-0.003171039453223199917897279220824202639
-0.002721701621574080815629814722456103482
-0.000020294451754031554886748001109708639
 0.002576459221564215019278920593137627293
 0.002831679963415737952270312405289587332
 0.000751261190596695790575032525282495044
-0.001529342687677914553595615032577370584
-0.001900954531346868252306148150410081143
-0.000287526785085132237634181207042161077
 0.001445440531767068839674728053523722338
 0.0014786961970087698046982804811477763  
-0.00013778703735828221272133320418618041 
-0.001632094051835588722002001738076160109
-0.001400783943737659263673034359953817329
 0.000318134769297119686902453050691974568
 0.001682412312097685902836929905390661588
 0.001142928896257097703959004775242647156
-0.000910491445837436339828807607688077042
-0.002418727492727291115970356116804396152
-0.001622922047242018406612573677705313457
 0.001144821708057971489103099571593702422
 0.003583820069485042433821142537908599479
 0.003407263058899406404228527023292372178
 0.000405899233945476202445323821166311973
-0.003259067278846790316482184834967483766
-0.00479166297952032804730038151319604367 
-0.003015504428362766713156428721731572296
 0.000744082465162243219050641762635223131
 0.003791717476558201758984889551129526808
 0.004157820857565277042344753510860755341
 0.001938630957576893860949684977867946145
-0.001050794003069841549974361427643998468
-0.00280948735790190022576506834184328909 
-0.002542538489330517948588950005728293036
-0.000926402143619233691199110758418555633
 0.000703671382251770715157701552300295589
 0.001407876010150861017036771904997749516
 0.001128314250574482440273027528121474461
 0.000426023048498829501676277153876526427
-0.000111757044837560904249236515273224768
-0.000263972550781096525381042017244226372
-0.000176556819831135157266785440377532268