 0.000188543947810786399321009154661510365
 0.000674499828564188567449344535731370343
-0.00021213538188680902815339002209782393 
-0.000807729694594728391335292094765918591
 0.001149140165000062541872383192753659387
 0.000288736974462356884088554132006265718
-0.002087849389343534971252847043388101156
 0.00147178219325025459555955631429924324 
 0.001635808424776562111993549741839615308
-0.003450509581511441471735057717751260498
 0.000937130303019488401783387843124728533
 0.003439724309665573038358177271334170655
-0.004076734362231065715576061592173573445
-0.000412285003873340966107363669834739994
 0.004760870711544606601051121685941325268
-0.003542066058642719984794755561097190366
-0.001776312861864125149796711511385183258
 0.004767020355401277269258297764054077561
-0.002277208677625664531157800851701722422
-0.002133420326076990083258300145985231211
 0.003462881526101178365772970124680796289
-0.001287651387257739664382594213520860649
-0.001125533113717629022168531527370305412
 0.001737500514390943363862707116140882135
-0.001254046229158561898131551970436703414
 0.000563352103020314754974751103588914702
 0.000573167832038850222006742818336988421
-0.00185972542077952234310100898539985792 
 0.00179494525389012858640480629901503562 
 0.000135762363404825538160114462016281323
-0.002089166908182678739774873477585970249
 0.002029443663260566826922470795580011327
-0.0002853165684685052098934487929682291  
-0.001286327868281937755398636191728201084
 0.001755139253559834331547273578166823427
-0.001350586321157508980922434815852284373
 0.000112479409092406616027526311540896131
 0.001776003736970677582968081154035644431
-0.002721065131885721903592934012294790591
 0.001040566728173787473810119053041489678
 0.002095018249233077892862420199548978417
-0.003226603224227296215498306253266491694
 0.001045647175888740013777189474808437808
 0.001712843627116543507998835949024396541
-0.002139298087510782889197891165622422704
 0.000916061133459839774424715574951960662
-0.000224119777373684358687255802067284094
-0.000198878618599427963928305551633002324
 0.001792341131707697295463721509634069662
-0.003077701996207263344246252145808284695
 0.000934511075710533611199393178026184614
 0.003561801338925823460362929395728315285
-0.004837949495975808408831930762517004041
 0.000486477061987463689496369312337265001
 0.004411459994125360543903990873104703496
-0.00397578446524738619155536767379999219 
-0.000297315325945781468858220009110482351
 0.002451718253842677212872569469936934183
-0.001244958484034308513269118101618460059
 0.000741636434223038763444146859171723918
-0.001984517719603295232699835537459875923
 0.000725595034596648782304617597560536524
 0.004090057073362126510707170723435410764
-0.005943792409901445944475639748816320207
 0.000101907061324595614448806912832878879
 0.007242897131904207919106397639552596956
-0.006334411558013700212221852581251368974
-0.001829567018145278507745832285991127719
 0.00658357284741606894884480283280936419 
-0.00314655328268177063646970914589928725 
-0.001502105742794277581930728615589032415
 0.001132506744295010310541460540889602271
 0.000089562208592161834247447060874947056
 0.003130723359181413964491547119450842729
-0.005659660534136821963269170510102412663
-0.000268522916967379836339357979113628971
 0.00952214090437028017055443029903472052 
-0.00856453632589197766389332855396787636 
-0.003723901794454039827775293503009379492
 0.011915201151464015205672097863498493098
-0.005705744929984715545223661337104203994
-0.005243946954682817372661585153537089354
 0.006721762384909550462619431954180981847
-0.000992011263305540456555742245825513237
-0.000073220197863019080564139784428334679
-0.003151374109003941045153984745752495655
-0.000585250500932119402386355488943081582
 0.010451424960418703724585043346451129764
-0.010032222261976815602668722249291022308
-0.006079419363134306447671306727897899691
 0.018371996999905604308622741882572881877
-0.008685104510364756447149403584262472577
-0.011300146816112785486119207689625909552
 0.015742523373861637414616865271455026232
-0.002284680142880409631223059818694309797
-0.007178593814272782487606594514772950788
 0.002898126284730505666797917285748553695
-0.000354532603714465964668545172600033766
 0.008665651897996713357019693546590133337
-0.010163710650682580144410493971918185707
-0.009050876495816120165249785145533678588
 0.026847359720340864541743286508790333755
-0.012367707603535546545536760731920367107
-0.022419536782367941590843329890958557371
 0.032192367864856234749293406594006228261
-0.003435604117881622954211451315131853335
-0.024144025709480376740145857183961197734
 0.017340321195331923065374724046705523506
 0.002392715338561566054687013149759877706
-0.000621042742865300992360921839008369716
-0.00783245481262800045951788519005276612 
-0.013643869483928608432599105526605853811
 0.044888771222135213923021268556112772785
-0.020931062418316992435052270593587309122
-0.057891388497297760484805451142165111378
 0.090201944198553846154808866231178399175
-0.004113291746797906323074300871667219326
-0.114874692907393272101046477473573759198
 0.10823401119412175142020515750118647702 
 0.039925398880088960873457892830629134551
-0.155031337093890636547044437065778765827
 0.087092347551050344756085053177230292931
 0.087092347551050344756085053177230292931
-0.155031337093890636547044437065778765827
 0.039925398880088960873457892830629134551
 0.10823401119412175142020515750118647702 
-0.114874692907393272101046477473573759198
-0.004113291746797906323074300871667219326
 0.090201944198553846154808866231178399175
-0.057891388497297760484805451142165111378
-0.020931062418316992435052270593587309122
 0.044888771222135213923021268556112772785
-0.013643869483928608432599105526605853811
-0.00783245481262800045951788519005276612 
-0.000621042742865300992360921839008369716
 0.002392715338561566054687013149759877706
 0.017340321195331923065374724046705523506
-0.024144025709480376740145857183961197734
-0.003435604117881622954211451315131853335
 0.032192367864856234749293406594006228261
-0.022419536782367941590843329890958557371
-0.012367707603535546545536760731920367107
 0.026847359720340864541743286508790333755
-0.009050876495816120165249785145533678588
-0.010163710650682580144410493971918185707
 0.008665651897996713357019693546590133337
-0.000354532603714465964668545172600033766
 0.002898126284730505666797917285748553695
-0.007178593814272782487606594514772950788
-0.002284680142880409631223059818694309797
 0.015742523373861637414616865271455026232
-0.011300146816112785486119207689625909552
-0.008685104510364756447149403584262472577
 0.018371996999905604308622741882572881877
-0.006079419363134306447671306727897899691
-0.010032222261976815602668722249291022308
 0.010451424960418703724585043346451129764
-0.000585250500932119402386355488943081582
-0.003151374109003941045153984745752495655
-0.000073220197863019080564139784428334679
-0.000992011263305540456555742245825513237
 0.006721762384909550462619431954180981847
-0.005243946954682817372661585153537089354
-0.005705744929984715545223661337104203994
 0.011915201151464015205672097863498493098
-0.003723901794454039827775293503009379492
-0.00856453632589197766389332855396787636 
 0.00952214090437028017055443029903472052 
-0.000268522916967379836339357979113628971
-0.005659660534136821963269170510102412663
 0.003130723359181413964491547119450842729
 0.000089562208592161834247447060874947056
 0.001132506744295010310541460540889602271
-0.001502105742794277581930728615589032415
-0.00314655328268177063646970914589928725 
 0.00658357284741606894884480283280936419 
-0.001829567018145278507745832285991127719
-0.006334411558013700212221852581251368974
 0.007242897131904207919106397639552596956
 0.000101907061324595614448806912832878879
-0.005943792409901445944475639748816320207
 0.004090057073362126510707170723435410764
 0.000725595034596648782304617597560536524
-0.001984517719603295232699835537459875923
 0.000741636434223038763444146859171723918
-0.001244958484034308513269118101618460059
 0.002451718253842677212872569469936934183
-0.000297315325945781468858220009110482351
-0.00397578446524738619155536767379999219 
 0.004411459994125360543903990873104703496
 0.000486477061987463689496369312337265001
-0.004837949495975808408831930762517004041
 0.003561801338925823460362929395728315285
 0.000934511075710533611199393178026184614
-0.003077701996207263344246252145808284695
 0.001792341131707697295463721509634069662
-0.000198878618599427963928305551633002324
-0.000224119777373684358687255802067284094
 0.000916061133459839774424715574951960662
-0.002139298087510782889197891165622422704
 0.001712843627116543507998835949024396541
 0.001045647175888740013777189474808437808
-0.003226603224227296215498306253266491694
 0.002095018249233077892862420199548978417
 0.001040566728173787473810119053041489678
-0.002721065131885721903592934012294790591
 0.001776003736970677582968081154035644431
 0.000112479409092406616027526311540896131
-0.001350586321157508980922434815852284373
 0.001755139253559834331547273578166823427
-0.001286327868281937755398636191728201084
-0.0002853165684685052098934487929682291  
 0.002029443663260566826922470795580011327
-0.002089166908182678739774873477585970249
 0.000135762363404825538160114462016281323
 0.00179494525389012858640480629901503562 
-0.00185972542077952234310100898539985792 
 0.000573167832038850222006742818336988421
 0.000563352103020314754974751103588914702
-0.001254046229158561898131551970436703414
 0.001737500514390943363862707116140882135
-0.001125533113717629022168531527370305412
-0.001287651387257739664382594213520860649
 0.003462881526101178365772970124680796289
-0.002133420326076990083258300145985231211
-0.002277208677625664531157800851701722422
 0.004767020355401277269258297764054077561
-0.001776312861864125149796711511385183258
-0.003542066058642719984794755561097190366
 0.004760870711544606601051121685941325268
-0.000412285003873340966107363669834739994
-0.004076734362231065715576061592173573445
 0.003439724309665573038358177271334170655
 0.000937130303019488401783387843124728533
-0.003450509581511441471735057717751260498
 0.001635808424776562111993549741839615308
 0.00147178219325025459555955631429924324 
-0.002087849389343534971252847043388101156
 0.000288736974462356884088554132006265718
 0.001149140165000062541872383192753659387
-0.000807729694594728391335292094765918591
-0.00021213538188680902815339002209782393 
 0.000674499828564188567449344535731370343
 0.000188543947810786399321009154661510365