 0.000363464181175687708197363789963674208
 0.000801248796491394496381566181497646539
-0.000012127099478823793240328532405669648
-0.001465762124558645093305719875331760704
-0.000749773473674660495200128274007056461
 0.002149135546460362138077027083227221738
 0.002109946857346435729330114128288187203
-0.002295195959053694407386858600261803076
-0.003830801164793926766316545240442792419
 0.001610444895282416065754316214508889971
 0.005319795708625198876751127841089328285
-0.00010730807664372692469823000749329367 
-0.005956877827317909671056561649038485484
-0.001717695391414855591097343712192468956
 0.005370879044200770058292704334235168062
 0.003086749398963923272931619834480443387
-0.003737493195262371527970435280963101832
-0.00328829858317974607628819683213805547 
 0.001754750585936695880459601504242073133
 0.002101077769219699027669623347946981085
-0.000337458118833194214199883154137182828
 0.000021415123737896987754503186351939803
 0.000116335899420209388545333073494703058
-0.002121738902731038108051553336963479524
-0.001051278103516153222818374501912330743
 0.003236653211318499950843730061933456454
 0.00239887536136158124877582054068625439 
-0.00294340655213087224600920777106694004 
-0.003109750997082663497017573916991750593
 0.00162801764128639035907053500551455727 
 0.002449946006455693773423698544888793549
-0.000274949389227946178627243201120222693
-0.000482624632171205539786507099364598616
-0.000132511245015974257885002507428851004
-0.001911155666691180879390721258914709324
-0.000744732296744501378292502291600385433
 0.003528525017174702436278943551428710634
 0.002328833084441779728568366891749974457
-0.003584488476730912816237140106068181922
-0.003434481638677611310683790435405171593
 0.002234511935091730832486645041967676661
 0.003010586513554962002220394268192649179
-0.000519597124259839836767083109947407138
-0.000863789203066694434053618412150399308
-0.000279436415993828887738281707697751699
-0.002116972524865542472360946391063407646
-0.000499640974941593582481225155333959265
 0.004431819385310854439441463625826145289
 0.002385309452839556171310775312122132163
-0.004888679679747206380246993262517207768
-0.003980848908703362928895863603884208715
 0.003397031899911489519899854272466654947
 0.003827047300751633754356539895979949506
-0.001093425327284465019966885890312369156
-0.001401277918149455587598639638713393651
-0.000346577036036046094279877705091053031
-0.002407685266477630012943444981488028134
-0.000178904569213604114699678326871890022
 0.005722368542078895906066726695371471578
 0.00237389764738621519488126487829049438 
-0.006802791189154961531970755572729103733
-0.004598374792988042976393803229484547046
 0.005188336943226821290631178840158099774
 0.004854787630446559705543752016865255428
-0.002087704146443082175305105963047935802
-0.002135192698299192507610522184791079781
-0.000319324798783323184937776861858083066
-0.002747581581149119954454729253257028176
 0.000302717088732839308823363566602893115
 0.007463206381236581372917715526682513882
 0.002166758658461699193348293235317214567
-0.009519111566868765708648858492324507097
-0.00520572086545357040621162525440013269 
 0.007866487797505499271477624745330103906
 0.00610389097000552452443322692943183938 
-0.003702214739246006535572375284459667455
-0.003114866784714766245745209971573785879
-0.000158334083676703795892648507503963629
-0.003183358910260779793544028137830537162
 0.001066396014671546366853194243162761268
 0.009929975619299860264965751355248357868
 0.001599891827110733188987978792283684015
-0.013563186012587281556451834774179587839
-0.005754285821972212992825301824950656737
 0.012060411964274361795723677914793370292
 0.007704790266088527503351990333158028079
-0.006411462196526072042368493697495068773
-0.004514970056861463548747437357633316424
 0.000245223073471770910275457922011810297
-0.003809587946164718318120545603733262396
 0.002364219147517438238126352700874122093
 0.013805028720569682484931028909613814903
 0.000332382476165198406659051499900670024
-0.02027597495370296598604653581787715666 
-0.006198253497584254104180168098991998704
 0.019424625084189305751491971818722959142
 0.01007450355092238437892948610397070297 
-0.011505159438178274092234865122463816078
-0.00684887851501630139094967120172441355 
 0.00118343706914999049518988361029414591 
-0.004966117172490613733415454333908201079
 0.004976473634863941286621269455281435512
 0.021412183424274533471987069788156077266
-0.00270750905179117061505333907689418993 
-0.034485831005590376896474680279425228946
-0.006513218088687912354917131096954108216
 0.036399841227502678642213851389897172339
 0.015066237036110645408637509490290540271
-0.024518065341450963334768431423071888275
-0.012578074526134248867226261836549383588
 0.004070818537052024732592059308444731869
-0.008359555397509493487873122319342655828
 0.013285906937690102752602783198199176695
 0.047158903078797699548463384644492180087
-0.014801184077501413488553438924100191798
-0.093860838234086085840601754171075299382
-0.006675209402337768660462558045765035786
 0.132612009763282523433503001797362230718
 0.048161449724608632050326662010775180534
-0.148600094690117867646250715552014298737
-0.096795220970118445169561027796589769423
 0.13506780601101089911431074597203405574 
 0.13506780601101089911431074597203405574 
-0.096795220970118445169561027796589769423
-0.148600094690117867646250715552014298737
 0.048161449724608632050326662010775180534
 0.132612009763282523433503001797362230718
-0.006675209402337768660462558045765035786
-0.093860838234086085840601754171075299382
-0.014801184077501413488553438924100191798
 0.047158903078797699548463384644492180087
 0.013285906937690102752602783198199176695
-0.008359555397509493487873122319342655828
 0.004070818537052024732592059308444731869
-0.012578074526134248867226261836549383588
-0.024518065341450963334768431423071888275
 0.015066237036110645408637509490290540271
 0.036399841227502678642213851389897172339
-0.006513218088687912354917131096954108216
-0.034485831005590376896474680279425228946
-0.00270750905179117061505333907689418993 
 0.021412183424274533471987069788156077266
 0.004976473634863941286621269455281435512
-0.004966117172490613733415454333908201079
 0.00118343706914999049518988361029414591 
-0.00684887851501630139094967120172441355 
-0.011505159438178274092234865122463816078
 0.01007450355092238437892948610397070297 
 0.019424625084189305751491971818722959142
-0.006198253497584254104180168098991998704
-0.02027597495370296598604653581787715666 
 0.000332382476165198406659051499900670024
 0.013805028720569682484931028909613814903
 0.002364219147517438238126352700874122093
-0.003809587946164718318120545603733262396
 0.000245223073471770910275457922011810297
-0.004514970056861463548747437357633316424
-0.006411462196526072042368493697495068773
 0.007704790266088527503351990333158028079
 0.012060411964274361795723677914793370292
-0.005754285821972212992825301824950656737
-0.013563186012587281556451834774179587839
 0.001599891827110733188987978792283684015
 0.009929975619299860264965751355248357868
 0.001066396014671546366853194243162761268
-0.003183358910260779793544028137830537162
-0.000158334083676703795892648507503963629
-0.003114866784714766245745209971573785879
-0.003702214739246006535572375284459667455
 0.00610389097000552452443322692943183938 
 0.007866487797505499271477624745330103906
-0.00520572086545357040621162525440013269 
-0.009519111566868765708648858492324507097
 0.002166758658461699193348293235317214567
 0.007463206381236581372917715526682513882
 0.000302717088732839308823363566602893115
-0.002747581581149119954454729253257028176
-0.000319324798783323184937776861858083066
-0.002135192698299192507610522184791079781
-0.002087704146443082175305105963047935802
 0.004854787630446559705543752016865255428
 0.005188336943226821290631178840158099774
-0.004598374792988042976393803229484547046
-0.006802791189154961531970755572729103733
 0.00237389764738621519488126487829049438 
 0.005722368542078895906066726695371471578
-0.000178904569213604114699678326871890022
-0.002407685266477630012943444981488028134
-0.000346577036036046094279877705091053031
-0.001401277918149455587598639638713393651
-0.001093425327284465019966885890312369156
 0.003827047300751633754356539895979949506
 0.003397031899911489519899854272466654947
-0.003980848908703362928895863603884208715
-0.004888679679747206380246993262517207768
 0.002385309452839556171310775312122132163
 0.004431819385310854439441463625826145289
-0.000499640974941593582481225155333959265
-0.002116972524865542472360946391063407646
-0.000279436415993828887738281707697751699
-0.000863789203066694434053618412150399308
-0.000519597124259839836767083109947407138
 0.003010586513554962002220394268192649179
 0.002234511935091730832486645041967676661
-0.003434481638677611310683790435405171593
-0.003584488476730912816237140106068181922
 0.002328833084441779728568366891749974457
 0.003528525017174702436278943551428710634
-0.000744732296744501378292502291600385433
-0.001911155666691180879390721258914709324
-0.000132511245015974257885002507428851004
-0.000482624632171205539786507099364598616
-0.000274949389227946178627243201120222693
 0.002449946006455693773423698544888793549
 0.00162801764128639035907053500551455727 
-0.003109750997082663497017573916991750593
-0.00294340655213087224600920777106694004 
 0.00239887536136158124877582054068625439 
 0.003236653211318499950843730061933456454
-0.001051278103516153222818374501912330743
-0.002121738902731038108051553336963479524
 0.000116335899420209388545333073494703058
 0.000021415123737896987754503186351939803
-0.000337458118833194214199883154137182828
 0.002101077769219699027669623347946981085
 0.001754750585936695880459601504242073133
-0.00328829858317974607628819683213805547 
-0.003737493195262371527970435280963101832
 0.003086749398963923272931619834480443387
 0.005370879044200770058292704334235168062
-0.001717695391414855591097343712192468956
-0.005956877827317909671056561649038485484
-0.00010730807664372692469823000749329367 
 0.005319795708625198876751127841089328285
 0.001610444895282416065754316214508889971
-0.003830801164793926766316545240442792419
-0.002295195959053694407386858600261803076
 0.002109946857346435729330114128288187203
 0.002149135546460362138077027083227221738
-0.000749773473674660495200128274007056461
-0.001465762124558645093305719875331760704
-0.000012127099478823793240328532405669648
 0.000801248796491394496381566181497646539
 0.000363464181175687708197363789963674208