 0.000179549917618710168018547612689417292
-0.000479666115386340684810517753788872142
 0.000878433598527145675580185546493794391
-0.00116703643365079342761325698063501477 
 0.001048411867306709268146680535949144542
-0.000266239655459305467333219752390505164
-0.001216515262386702687230632946580044518
 0.003098187009686138686237466544071139651
-0.004778405548637581871929125298947838019
 0.005584376773642936442332285196243901737
-0.005099344186673643135321309927121546934
 0.003422359722482846804136880081159688416
-0.001192222083297553693673198615954333945
-0.00067956422777570271893943232299761803 
 0.001454676178154022800001476944942169212
-0.000956139218701021541095552702671511724
-0.000332370330068526890175684140871226191
 0.001536197565219367617075918452940186398
-0.001890739139233892215571919415140200726
 0.001184586024113247915839908230850596738
 0.000126322359566853126885271896284734794
-0.001213303674345498706435564351124867244
 0.001403415358512975254223764665084672743
-0.000610782249806110619401444683518320744
-0.000608910991168827727369750046904073315
 0.00142361329786467260237470267014714409 
-0.001277399527745621101229578364666394918
 0.000265949239542476103138196608099974583
 0.000921770200102165447597624137188176974
-0.001466729567076523708946123036866993061
 0.000982138594858093143605271002627432608
 0.000209040565704531386805389847616254428
-0.001281959842428630593283434002671583585
 0.00147414346342298403953752217176997874 
-0.000623756761892348414628994834885133969
-0.000696935484919308898162093601769129236
 0.001561970475528801430287195728396909544
-0.001336906694086164746823608417969353468
 0.000142022137409133689502430120121800883
 0.00120345622253151458315445498925555512 
-0.001738639779306607466638490144816842076
 0.001043749728712364387844813151673406537
 0.000434678792712390983047493486779444538
-0.001665767009300503581972763278429283673
 0.001749461703947792750452050469789355702
-0.000571372228921554459711573681346408193
-0.001077088368744213682862143066643056954
 0.002026145671655224089063862535908810969
-0.001554382599314785935382121628833829163
-0.00006721447054436463226616271793290025 
 0.001721435872992053105201559759507290437
-0.002210859277476361680475624993391647877
 0.001121249155147510450855619090759773826
 0.000837838342954824299296801015657365497
-0.002289319160448435950400147831373942608
 0.002152816619498728028386791422121859796
-0.000444354953064009542892942583591775474
-0.001677497460569462575316612706899377372
 0.002692648636687814626272663431905129983
-0.001804667860786848734150344952809064125
-0.000441850344228755180075313147014526294
 0.002485446026148593803156705561718808895
-0.002828623082692803721027718921732230228
 0.001130475767228441511674796871034232026
 0.001482846529103011307820780828592432954
-0.003158199585935870558339733094044277095
 0.002624810597561217078571571548195606738
-0.000151160211760677823085788351598068857
-0.002566436977280140124130225487419920682
 0.003561108130151665381729619852535506652
-0.002013436788206267140377558888530984404
-0.001088163837911290329762969975035957759
 0.00356774996029618138293493245782883605 
-0.003582069753677046778511661173638458422
 0.000983110946596745145786844233271040139
 0.002478941805238351388934736618807619379
-0.004325495223886513876387915900068037445
 0.003116711685963549725159049685885293002
 0.000438694438426435887393162182945616223
-0.00387787766755265167137323167878548702 
 0.004680956865467736545405319503743157838
-0.002107724380787742539389295615137598361
-0.002158077705756996679531400928908624337
 0.005096577912275399024899513733544154093
-0.004479378756817195723904934112624687259
 0.000545310873054721096352126519235525848
 0.004026014747528786769104058862467354629
-0.005925724895156274894814085740790687851
 0.003597345268522828161394944146422858466
 0.001516210621917485866505526104219825356
-0.00584126720476243858903853123365479405 
 0.006154768058732724110571066233887904673
-0.001966690131654921878251451872188226844
-0.003944074079524334704160981601717139711
 0.007351190245429647593389255177953600651
-0.005582004030650490611353831127416924573
-0.000418087243374913629986172614039219297
 0.006530706171976781611310247654955674079
-0.008264612883623834865831625506871205289
 0.004025597065331883682437474902826579637
 0.003503296985655823380517714937809614639
-0.009016902175733844393423765950501547195
 0.008289031955844758034479546893180668121
-0.001362978649058363628601697747910748149
-0.007143290362385137579059879442411329364
 0.011065578364390121768323638207220938057
-0.007103985157458151712683847023299676948
-0.002501220083241945633945046978396931081
 0.011133592250695286893225066648938081926
-0.012283402268137177948403859772952273488
 0.004361765076617913489132050131047435571
 0.007648235364635112658315829747834868613
-0.015211235090807453604333510099877457833
 0.012177755093361121094264198916334862588
 0.000405877718241467132492122926734623434
-0.014249945867414202937961675843325792812
 0.019092874380312045007324073253585083876
-0.010055730737764379673082615340717893559
-0.008025450327578342868406480192788876593
 0.022813891193196628170980488903296645731
-0.022487948519241490741293887367646675557
 0.004578092879397059264401370626274001552
 0.020590866018963448202949706455910927616
-0.035120004495864116933478982218730379827
 0.025126855435637203417531537752438453026
 0.008257582276288687531118348772452009143
-0.046001023584171851776858375160372816026
 0.059555528508037379464834515374604961835
-0.02680192869639675887216689886827225564 
-0.0533585927539326071444847343627770897  
 0.15675411187811844060391308630642015487 
-0.243563194229861806894277265200798865408
 0.277379677531384982724915744256577454507
-0.243563194229861806894277265200798865408
 0.15675411187811844060391308630642015487 
-0.0533585927539326071444847343627770897  
-0.02680192869639675887216689886827225564 
 0.059555528508037379464834515374604961835
-0.046001023584171851776858375160372816026
 0.008257582276288687531118348772452009143
 0.025126855435637203417531537752438453026
-0.035120004495864116933478982218730379827
 0.020590866018963448202949706455910927616
 0.004578092879397059264401370626274001552
-0.022487948519241490741293887367646675557
 0.022813891193196628170980488903296645731
-0.008025450327578342868406480192788876593
-0.010055730737764379673082615340717893559
 0.019092874380312045007324073253585083876
-0.014249945867414202937961675843325792812
 0.000405877718241467132492122926734623434
 0.012177755093361121094264198916334862588
-0.015211235090807453604333510099877457833
 0.007648235364635112658315829747834868613
 0.004361765076617913489132050131047435571
-0.012283402268137177948403859772952273488
 0.011133592250695286893225066648938081926
-0.002501220083241945633945046978396931081
-0.007103985157458151712683847023299676948
 0.011065578364390121768323638207220938057
-0.007143290362385137579059879442411329364
-0.001362978649058363628601697747910748149
 0.008289031955844758034479546893180668121
-0.009016902175733844393423765950501547195
 0.003503296985655823380517714937809614639
 0.004025597065331883682437474902826579637
-0.008264612883623834865831625506871205289
 0.006530706171976781611310247654955674079
-0.000418087243374913629986172614039219297
-0.005582004030650490611353831127416924573
 0.007351190245429647593389255177953600651
-0.003944074079524334704160981601717139711
-0.001966690131654921878251451872188226844
 0.006154768058732724110571066233887904673
-0.00584126720476243858903853123365479405 
 0.001516210621917485866505526104219825356
 0.003597345268522828161394944146422858466
-0.005925724895156274894814085740790687851
 0.004026014747528786769104058862467354629
 0.000545310873054721096352126519235525848
-0.004479378756817195723904934112624687259
 0.005096577912275399024899513733544154093
-0.002158077705756996679531400928908624337
-0.002107724380787742539389295615137598361
 0.004680956865467736545405319503743157838
-0.00387787766755265167137323167878548702 
 0.000438694438426435887393162182945616223
 0.003116711685963549725159049685885293002
-0.004325495223886513876387915900068037445
 0.002478941805238351388934736618807619379
 0.000983110946596745145786844233271040139
-0.003582069753677046778511661173638458422
 0.00356774996029618138293493245782883605 
-0.001088163837911290329762969975035957759
-0.002013436788206267140377558888530984404
 0.003561108130151665381729619852535506652
-0.002566436977280140124130225487419920682
-0.000151160211760677823085788351598068857
 0.002624810597561217078571571548195606738
-0.003158199585935870558339733094044277095
 0.001482846529103011307820780828592432954
 0.001130475767228441511674796871034232026
-0.002828623082692803721027718921732230228
 0.002485446026148593803156705561718808895
-0.000441850344228755180075313147014526294
-0.001804667860786848734150344952809064125
 0.002692648636687814626272663431905129983
-0.001677497460569462575316612706899377372
-0.000444354953064009542892942583591775474
 0.002152816619498728028386791422121859796
-0.002289319160448435950400147831373942608
 0.000837838342954824299296801015657365497
 0.001121249155147510450855619090759773826
-0.002210859277476361680475624993391647877
 0.001721435872992053105201559759507290437
-0.00006721447054436463226616271793290025 
-0.001554382599314785935382121628833829163
 0.002026145671655224089063862535908810969
-0.001077088368744213682862143066643056954
-0.000571372228921554459711573681346408193
 0.001749461703947792750452050469789355702
-0.001665767009300503581972763278429283673
 0.000434678792712390983047493486779444538
 0.001043749728712364387844813151673406537
-0.001738639779306607466638490144816842076
 0.00120345622253151458315445498925555512 
 0.000142022137409133689502430120121800883
-0.001336906694086164746823608417969353468
 0.001561970475528801430287195728396909544
-0.000696935484919308898162093601769129236
-0.000623756761892348414628994834885133969
 0.00147414346342298403953752217176997874 
-0.001281959842428630593283434002671583585
 0.000209040565704531386805389847616254428
 0.000982138594858093143605271002627432608
-0.001466729567076523708946123036866993061
 0.000921770200102165447597624137188176974
 0.000265949239542476103138196608099974583
-0.001277399527745621101229578364666394918
 0.00142361329786467260237470267014714409 
-0.000608910991168827727369750046904073315
-0.000610782249806110619401444683518320744
 0.001403415358512975254223764665084672743
-0.001213303674345498706435564351124867244
 0.000126322359566853126885271896284734794
 0.001184586024113247915839908230850596738
-0.001890739139233892215571919415140200726
 0.001536197565219367617075918452940186398
-0.000332370330068526890175684140871226191
-0.000956139218701021541095552702671511724
 0.001454676178154022800001476944942169212
-0.00067956422777570271893943232299761803 
-0.001192222083297553693673198615954333945
 0.003422359722482846804136880081159688416
-0.005099344186673643135321309927121546934
 0.005584376773642936442332285196243901737
-0.004778405548637581871929125298947838019
 0.003098187009686138686237466544071139651
-0.001216515262386702687230632946580044518
-0.000266239655459305467333219752390505164
 0.001048411867306709268146680535949144542
-0.00116703643365079342761325698063501477 
 0.000878433598527145675580185546493794391
-0.000479666115386340684810517753788872142
 0.000179549917618710168018547612689417292