-0.000092619725443259190715734885390730824
-0.000071646625069391725246226165779717121
-0.000024919236424631835110157784818341042
 0.000125993071942477635099047472699851369
 0.000427390755933631215097295852345382627
 0.000912440207340610215033804841766595928
 0.00158656306849520997367952723777762003 
 0.002415411790592578069464257950471619552
 0.003318825931815826829618387705522764008
 0.004175871664241904805681127044181266683
 0.004840400796055027363151701536025939276
 0.005167710147397804737456894486058445182
 0.005046312074532186692232826885629037861
 0.004428600474774526535304275398630124982
 0.003352259366574008789263494634269591188
 0.001945655384106307218133879999300006602
 0.000412714017635645933745197622144473826
-0.001001459045488114259908618564054449962
-0.002058899353714398368364602021074460936
-0.00258062116707813513777347580457899312 
-0.002489962710388600453104146481564384885
-0.001835756418814845671028113116562963114
-0.000787740530638245464722935196277830983
 0.00039724784134690597613842610869028249 
 0.001431939793563931709319270169089577394
 0.002065902103413372152551641391937664594
 0.002146982949687193872878587797004001914
 0.001661030774568114480593816750797486748
 0.000738353260194438555490126230296255017
-0.000376513466819203930155413040381517931
-0.001385824483119916378237590492972231004
-0.002015742201594999862684920444166891684
-0.002089943100717735723070855868854778237
-0.00157970784913525675620393773357363898 
-0.000615970854343971083340314454090957952
 0.000541690880168229911377497654001444971
 0.001572550545854835106485136719811634975
 0.002181808457785430147707339543217130995
 0.002183882972711689678113611279286487843
 0.001558584453393287334865835447317294893
 0.000463124008725209336360950640454348104
-0.000805405239145160303272652502215578352
-0.001888811684745893889475487625873029174
-0.002467447503771661321964048241284217511
-0.002353394027043255627706930255271799979
-0.001550222745636144596262373518413824058
-0.000260655427168848190071226422759309571
 0.001162698055822598049852123480718546489
 0.002312156287406740874657007367432015599
 0.00284030986809730937731055533390644996 
 0.002563615966548945905578715809269851889
 0.001523728417572498949200676676696275536
-0.000013400652697446112891765945818178807
-0.001623575122662010037852264865421147988
-0.002839839197282627986096414929306774866
-0.003286397299027547444505437113093648804
-0.002792985658344684755938214237858119304
-0.001455336295581124679901496854483866628
 0.000378754136465068221711893770020651573
 0.002197722038522159464235539161336419056
 0.003467122351513226945207701845674819197
 0.003784848109998778693807697237616594066
 0.003006093272159411373262161149000348814
 0.001299870905243725744543370481665078842
-0.000883242448991755678758264203054295649
-0.002927627355333957924476973033733884222
-0.004224034230673979692372022043400647817
-0.004348756829466249654303489080575673142
-0.003198552928489783661603063080747233471
-0.001039254383994382821207458356127517618
 0.001551110657438627919019191736538232362
 0.00383409468337929382197870609161327593 
 0.005118508292484200833394325513836520258
 0.00496640270553632377781294593432903639 
 0.003336865484032428344485232685201481218
 0.0006218237076390115960697335673046382  
-0.002443092558390270660484411280322092352
-0.004974005909826585691835276747951866128
-0.006189729303397695572841463729218958179
-0.005648032886939465327391651783273118781
-0.003397121489945213214378672006432680064
 0.00000734568854322066762396747918728579 
 0.003633116471239149734839823935317326686
 0.006421182999342894999472708406074161758
 0.007489121342107350753902750284396461211
 0.006402682465436307368555901575746247545
 0.003334127610358064101175878946037300921
-0.000946514635695992995016723181578299773
-0.005256033480947841680930299190777077456
-0.008316642351485901973884296012329286896
-0.009125031424401668783685792618598497938
-0.007267900027304446779197188988064226578
-0.003088274647964745454886692499485434382
 0.002356672817090759829844470729653949093
 0.007549597401822380829394809609311778331
 0.010921212257805294060242218279199732933
 0.011306563857250342269855636345710081514
 0.008321345284983492490704648503196949605
 0.002543309244929535528623176787732518278
-0.004569482113406907707042758914894875488
-0.011022381362380874805784181091894424753
-0.014814315523844334004932576931423682254
-0.014520047974055143302773984714804100804
-0.009764347576094085240372422163090959657
-0.001444462586936318430549941460583340813
 0.008385288222545975861388356520365050528
 0.01696757999264216290602469427994947182 
 0.021543419634439703314043867976579349488
 0.020134841274973905300704757337371120229
 0.012207249708615988681437158902554074302
-0.000975385315648168681190721684970412753
-0.016424364654881305758404863581745303236
-0.029950051659222473587895763103006174788
-0.037043614301692860679704466519979177974
-0.033928163453452106490537687477626604959
-0.018536027836696104820202180007981951348
 0.00882809846407857021222120863512827782 
 0.045315930774282094095628536933872965164
 0.085925281664420732896658705612935591489
 0.124389779596515648307786250370554625988
 0.154388041540946652219190582400187849998
 0.17081170487638702715216254546248819679 
 0.17081170487638702715216254546248819679 
 0.154388041540946652219190582400187849998
 0.124389779596515648307786250370554625988
 0.085925281664420732896658705612935591489
 0.045315930774282094095628536933872965164
 0.00882809846407857021222120863512827782 
-0.018536027836696104820202180007981951348
-0.033928163453452106490537687477626604959
-0.037043614301692860679704466519979177974
-0.029950051659222473587895763103006174788
-0.016424364654881305758404863581745303236
-0.000975385315648168681190721684970412753
 0.012207249708615988681437158902554074302
 0.020134841274973905300704757337371120229
 0.021543419634439703314043867976579349488
 0.01696757999264216290602469427994947182 
 0.008385288222545975861388356520365050528
-0.001444462586936318430549941460583340813
-0.009764347576094085240372422163090959657
-0.014520047974055143302773984714804100804
-0.014814315523844334004932576931423682254
-0.011022381362380874805784181091894424753
-0.004569482113406907707042758914894875488
 0.002543309244929535528623176787732518278
 0.008321345284983492490704648503196949605
 0.011306563857250342269855636345710081514
 0.010921212257805294060242218279199732933
 0.007549597401822380829394809609311778331
 0.002356672817090759829844470729653949093
-0.003088274647964745454886692499485434382
-0.007267900027304446779197188988064226578
-0.009125031424401668783685792618598497938
-0.008316642351485901973884296012329286896
-0.005256033480947841680930299190777077456
-0.000946514635695992995016723181578299773
 0.003334127610358064101175878946037300921
 0.006402682465436307368555901575746247545
 0.007489121342107350753902750284396461211
 0.006421182999342894999472708406074161758
 0.003633116471239149734839823935317326686
 0.00000734568854322066762396747918728579 
-0.003397121489945213214378672006432680064
-0.005648032886939465327391651783273118781
-0.006189729303397695572841463729218958179
-0.004974005909826585691835276747951866128
-0.002443092558390270660484411280322092352
 0.0006218237076390115960697335673046382  
 0.003336865484032428344485232685201481218
 0.00496640270553632377781294593432903639 
 0.005118508292484200833394325513836520258
 0.00383409468337929382197870609161327593 
 0.001551110657438627919019191736538232362
-0.001039254383994382821207458356127517618
-0.003198552928489783661603063080747233471
-0.004348756829466249654303489080575673142
-0.004224034230673979692372022043400647817
-0.002927627355333957924476973033733884222
-0.000883242448991755678758264203054295649
 0.001299870905243725744543370481665078842
 0.003006093272159411373262161149000348814
 0.003784848109998778693807697237616594066
 0.003467122351513226945207701845674819197
 0.002197722038522159464235539161336419056
 0.000378754136465068221711893770020651573
-0.001455336295581124679901496854483866628
-0.002792985658344684755938214237858119304
-0.003286397299027547444505437113093648804
-0.002839839197282627986096414929306774866
-0.001623575122662010037852264865421147988
-0.000013400652697446112891765945818178807
 0.001523728417572498949200676676696275536
 0.002563615966548945905578715809269851889
 0.00284030986809730937731055533390644996 
 0.002312156287406740874657007367432015599
 0.001162698055822598049852123480718546489
-0.000260655427168848190071226422759309571
-0.001550222745636144596262373518413824058
-0.002353394027043255627706930255271799979
-0.002467447503771661321964048241284217511
-0.001888811684745893889475487625873029174
-0.000805405239145160303272652502215578352
 0.000463124008725209336360950640454348104
 0.001558584453393287334865835447317294893
 0.002183882972711689678113611279286487843
 0.002181808457785430147707339543217130995
 0.001572550545854835106485136719811634975
 0.000541690880168229911377497654001444971
-0.000615970854343971083340314454090957952
-0.00157970784913525675620393773357363898 
-0.002089943100717735723070855868854778237
-0.002015742201594999862684920444166891684
-0.001385824483119916378237590492972231004
-0.000376513466819203930155413040381517931
 0.000738353260194438555490126230296255017
 0.001661030774568114480593816750797486748
 0.002146982949687193872878587797004001914
 0.002065902103413372152551641391937664594
 0.001431939793563931709319270169089577394
 0.00039724784134690597613842610869028249 
-0.000787740530638245464722935196277830983
-0.001835756418814845671028113116562963114
-0.002489962710388600453104146481564384885
-0.00258062116707813513777347580457899312 
-0.002058899353714398368364602021074460936
-0.001001459045488114259908618564054449962
 0.000412714017635645933745197622144473826
 0.001945655384106307218133879999300006602
 0.003352259366574008789263494634269591188
 0.004428600474774526535304275398630124982
 0.005046312074532186692232826885629037861
 0.005167710147397804737456894486058445182
 0.004840400796055027363151701536025939276
 0.004175871664241904805681127044181266683
 0.003318825931815826829618387705522764008
 0.002415411790592578069464257950471619552
 0.00158656306849520997367952723777762003 
 0.000912440207340610215033804841766595928
 0.000427390755933631215097295852345382627
 0.000125993071942477635099047472699851369
-0.000024919236424631835110157784818341042
-0.000071646625069391725246226165779717121
-0.000092619725443259190715734885390730824